702610TYA.CSV
sched2.txt
tstat_std.txt
occ_full.txt
bshelter.dat
 0.015625 
 0.65 
 0.48 
 0.5 
 0.054 
 0.128 
 2.95 
 0.5 
 0 
 0 
 0.333333333333333 
 0.333333333333333 
 0.166666666666667 
 0.166666666666667 
 0.333333333333333 
 0.333333333333333 
 0.166666666666667 
 0.166666666666667 
 1 
 0 
 0.3 
I
 500 
 200 
 200 
 2.5 
 30.404908888416 
 29.8857894736842 
 61.32564 
 0 
 6 
 24.1987534072275 
-0.0427539812848542 
 1 
 0 
-0.0707881075979235 
 23 
 37.2 
-0.047192071731949 
 24 
 10.2 
-0.0235960358659745 
 25 
 10.2 
-0.0235960358659745 
 26 
 0 
 0 
 27 
 20 
 10 
 10 
 0.35 
 6.81692231829949 
 7.52314814814815e-05 
 784.248910849275 
 166.666666666667 
 0.377500800480572 
 0.65 
 0.35 
 0.35 
 0.1 
 0.1 
 0.1 
 2.95 
 2.95 
 2.95 
 2.95 
 2 
 1 
 3.78333333333333 
 0.186666666666667 
 0.5 
 3 
 3.78333333333333 
 0.0533333333333333 
 0.5 
 18.434948822922 
P
 4.61666666666667 
 0 
 0 
 0 
 0 
 2.3 
 1 
 1 
 0.05 
 0.05 
 1.5322296583304 
 1.5322296583304 
 0 
 0 
 68.7571853080956 
 7.07378449671766 
 0.25 
 0.45 
 0.2832 
 0.3806208 
 0.6 
 0.6 
 0 
 0 
 1.5 
 18 
 11.1 
 48 
 322.56 
 240 
 1 
 0.94 
 3 
 1 
 0.7 
 2 
 0.3168 
 0 
 1 
 0.82 
 0.63 
 0.51 
 0 
 8 
 0 
 1 
 1 
 1 
 0 
 0 
 1.85 
 55 
E_O_F
