724940TYA.CSV
sched2.txt
tstat_std.txt
occ_full.txt
bshelter.dat
 0.0260416666666667 
 0.65 
 0.48 
 0.5 
 0.054 
 0.128 
 2.95 
 0.5 
 0 
 0 
 0.333333333333333 
 0.333333333333333 
 0.166666666666667 
 0.166666666666667 
 0.333333333333333 
 0.333333333333333 
 0.166666666666667 
 0.166666666666667 
 1 
 0 
 0.3 
I
 500 
 200 
 200 
 2.5 
 36.95107333289 
 59.7715789473684 
 68.1396 
 0 
 6 
 23.4647212392397 
-0.0414571046629677 
 1 
 0 
-0.0707881075979235 
 23 
 37.2 
-0.047192071731949 
 24 
 10.2 
-0.0235960358659745 
 25 
 10.2 
-0.0235960358659745 
 26 
 0 
 0 
 27 
 20 
 10 
 10 
 0.27 
 5.54203194618108 
 7.52314814814815e-05 
 784.248910849275 
 166.666666666667 
 0.377500800480572 
 0.65 
 0.35 
 0.35 
 0.1 
 0.1 
 0.1 
 2.95 
 2.95 
 2.95 
 2.95 
 2 
 1 
 3.78333333333333 
 0.186666666666667 
 0.5 
 3 
 3.78333333333333 
 0.0533333333333333 
 0.5 
 18.434948822922 
P
 4.61666666666667 
 0 
 0 
 0 
 0 
 2.3 
 1 
 1 
 0.05 
 0.05 
 1.5322296583304 
 1.5322296583304 
 0 
 0 
 68.7571853080956 
 7.07378449671766 
 0.25 
 0.45 
 0.2832 
 0.1427328 
 0.6 
 0.6 
 0 
 0 
 1.5 
 18 
 13 
 18 
 120.96 
 240 
 1 
 0.9 
 3 
 1 
 0.6 
 2 
 0.3168 
 0 
 1 
 0.82 
 0.63 
 0.51 
 0 
 8 
 0 
 1 
 1 
 1 
 0 
 0 
 1.85 
 55 
E_O_F
