test.wth
sched2.txt
tstat_std.txt
occ_full.txt
bshelter.dat
0.094
0.621
0.59
0.5
0.078
0.17
6.370319796
0.6
0.4
0
0.21
0.25
0.30
0.24
0.21
0.25
0.30
0.24
1
0
0.30479999
R
964.7
334.9
126.3
2.9
201
90
90
0
1
33.50
-0.0316205
1.00
23.74
12.82
23.86
0.22
0.373
0.00008
1165.4
94.7
0.021425
0.55
0.16
0.20
0.25
0.19
0.2
6.370319796
6.370319796
6.370319796
6.370319796
0
22.24
P
7.9
0
6.692144
0.25
0
2.3
5
0
0.05
0.05
1.53
1.53
0.0270
0.0227
74.8
23.7
0.25
0.45
0.77
0.77
0.6
0.6
0.003033
0.0014
4.00
48
13.0
60.0
788
788
1
0.96
5
2
0.56
2
0.265838874
2
0
0.82
0.63
0.51
0
8
0
1
0
0
0
0
1.85
55
E_O_F