723340TYA.CSV
sched1.txt
tstat_std.txt
occ_full.txt
bshelter.dat
 0.0252961048583227 
 0.67 
 2.95 
 0.5 
 0 
 0 
 0.333333333333333 
 0.333333333333333 
 0.166666666666667 
 0.166666666666667 
 0.333333333333333 
 0.333333333333333 
 0.166666666666667 
 0.166666666666667 
 1 
 0 
 0.3 
I
 500 
 200 
 200 
 2.5 
 38.5873914766885 
 59.7684210526316 
 68.136 
 0 
 6 
 0 
-0.107671327232098 
 13 
 0 
-0.0707881075979235 
 23 
 37.2 
-0.047192071731949 
 24 
 10.2 
-0.0235960358659745 
 25 
 10.2 
-0.0235960358659745 
 26 
 0 
 0 
 27 
 20 
 10 
 10 
 0.27 
 3.80255531717314 
 5.62394735985271 
 7.52314814814815e-05 
 784.248910849275 
 166.666666666667 
 0.377500800480572 
 0.65 
 0.35 
 0.35 
 0.1 
 0.1 
 0.1 
 2.95 
 2.95 
 2.95 
 2.95 
 2 
 1 
 3.78333333333333 
 0.0466666666666667 
 0.5 
 3 
 3.78333333333333 
 0.0133333333333333 
 0.5 
 18.434948822922 
P
 4.61666666666667 
 0 
 0 
 1 
 1 
 0.05 
 0.05 
 1.5322296583304 
 1.5322296583304 
 0 
 0 
 68.7571853080956 
 7.07378449671766 
 0.25 
 0.45 
 0.36443781563904 
 0.178386031146767 
 0.6 
 0.6 
 0 
 0 
 2 
 24 
 13 
 22.5 
 63.126 
 128.964703133634 
 1 
 0.9 
 3 
 1 
 0.46 
 2 
 1 
 1 
 0.82 
 0.63 
 0.51 
 0 
 8 
 0 
 1 
 1 
 8 
 0.0164579180858889 
 0 
 0 
 0.002157 
 0.001965 
 0.003942 
 0.004622 
 0.008859 
 0.01275 
 0.01426 
 0.01239 
 0.01097 
 0.005427 
 0.004299 
 0.002277 
 0.005521 
 0.005011 
 0.008272 
 0.009934 
 0.0143 
 0.0163 
 0.01691 
 0.01642 
 0.01683 
 0.009623 
 0.007715 
 0.00509 
 4 
 10 
 0.532 
 1.7 
0 0 0
0 0 0
 0 
 0 
 51.9166666666667 
 1.85 
 55 
 2.5 
E_O_F
