01.WS3
sched2.txt
tstat_std.txt
occ_full.txt
bshelter.dat
 5.27688235615766E-02 
 0.65 
 5.45 
 0.5 
 0 
 0 
 0.269230769230769 
 0.269230769230769 
 0.230769230769231 
 0.230769230769231 
 0.269230769230769 
 0.269230769230769 
 0.230769230769231 
 0.230769230769231 
 1 
 0 
 0.3 
R
 487.74096 
 195.096384 
 97.548192
 2.5 
 154
 57
 140
 0 
 6 
 11.8 
-2.83152430391694E-02 
 1 
 0 
-7.07881075979235E-02 
 23 
 37.2 
-0.047192071731949 
 24 
 10.2 
-2.35960358659745E-02 
 25 
 10.2 
-2.35960358659745E-02 
 26 
 10.2 
-2.35960358659745E-02 
 27 
 18.0088969846154 
 10.5051899076923 
 10.5051899076923 
 0.3 
 3.30221909122931 
 4.59439177910164 
 1.13425925925926E-04 
 628.881671041667 
 49.554481536 
 0.184122602827163 
 0.65 
 0.35 
 0.35 
 0.1 
 0.1 
 0.1 
 5.45 
 5.45 
 5.45 
 5.45 
 2 
 1 
 6.212 
 0.2503736928 
 0.5 
 3 
 6.212 
 0.0715353408 
 0.5 
 18.434948822922 
P
 6.974 
 0 
 0 
 2 
 0 
 0.4 
 0.4 
 1.5322296583304 
 1.5322296583304 
 0.03 
 0.03 
 43.5949776657082 
 13.8002461746465 
 0.25 
 0.45 
 1.1012107008 
 0.396277277947085 
 0.6 
 0.6 
 4.78881072818462E-03 
 4.78881072818462E-03 
 6 
 72 
 11 
 49.98 
 83.9664 
 1166.66666666667 
 1 
 0.8 
 3 
 1 
 0.43 
 2
 1
 0
 0.82
 0.63
 0.510
 0
 5
 0
 0
 0 
 0 
 0
 0
 0 
 0 
 E_O_F
